100011111111110000000000000000000000000000000000000000000


SENZA CIFRATURA
010101111011100110111100000011001000000101000101011101
010101111011100110111100000011001000001010001001001010
010101111011100110111100000011001000011000000111010110
010101111011100110111100000011001000000010000011101111
010101111011100110111100000011001000000000001100111100
010101111011100110111100000011001000001101111000110011
010101111011100110111100000011001000011110110110111111
010101111011100110111100000011001000000100111010010011
010101111011100110111100000011001000010111010101100011
010101111011100110111100000011001000011001011001110101

CON CIFRATURA
00000111000111001011001010000011011000001100010010001100010011000000010101011110010110110001000000111101111010110000000001111101 11111111
00110111011100011110001011110011110100010101100111000010111001011000110011100001110101110011110101101011101101101100010101110000 01001111
10001000111011001100101111111101001111000011011011111000011001100100000101010011111100110000111011100100000100000000110101110101 11111000
00000111000010101001010101001001011111101000100011101111110000010010010111001001000001001110010001000111001101000010101101001000 01100111
11100010111110011100010001000110110011111001011000110001101110011011000010100010011010001110010111000101100110011110111100000001 01001101
01011001101001101100111000011011011100010110100110101001001011101101011100110111011001111101011110101100010010000110110000000100 00111101
11001100011010000001001010110011101101110100000011111100011000001001011101100011110110111100110001000110110001101110111110000010 00110010
11011010011100110100100100110000100100101011001011001110100100000111001100110111111011010111010100110101000011100110001001100101 11111111
00101011010000001011010101011101000111011110001100010001010001100111100100011101000011001001101111110101101001010101010000001110 11001111
01010001111101110011101110001101111100001011110000111110001111100010001010101010010001011000110010100100011010011101111001110010 01011100


INTORRE
11011111111101101010000110000000101111011111101111010001101000100001001111111100000100000100001111010011001101111100101011011010 01001001
11100101100100001001101110010100111011001001100100101110101000001010001011101110000100000010101101010000110010110101100000011010 01000111
10100111000000100100010000100011001010110111000010011011011101001010111010111011001101100110100001000110001100011101100010110011 01111001
00000010010100011101110111000000101001110000010101110111111000011110101111000000011011011100000100000111100111010001000100011110 01110100
10011111010011001111011101010111100100100110011101011110011101110011101110101111000100101000011010111101100001011110110001111111 00010101


